10 25 56 96 55 12 66 44 82 32
11 12 13 45 56 78 89 23 14 74
11 22 33 44 55 66 77 88 99 30
10 20 30 40 50 60 70 80 90 100
51 52 53 54 55 56 57 58 59 60
11 12 41 13 14 15 16 17 18 19
90 91 92 93 94 95 96 97 98 99
41 42 43 44 45 46 47 48 49 50
71 72 73 74 75 76 77 78 79 80
63 68 95 74 26 28 67 15 94 34
63 68 95 74 26 28 67 15 94 34
71 72 73 74 75 76 77 78 79 80
41 42 43 44 45 46 47 48 49 50
90 91 92 93 94 95 96 97 98 99
11 12 41 13 14 15 16 17 18 19
51 52 53 54 55 56 57 58 59 60
10 20 30 40 50 60 70 80 90 100
11 22 33 44 55 66 77 88 99 30
11 12 13 45 56 78 89 23 14 74
10 25 56 96 55 12 66 44 82 32